$hessian                                                                        
        0.4530721559   0.0346034574   0.0181959235  -0.2017314653   0.0532994347
        0.0183835064  -0.0451058152  -0.0010419374   0.0318706868  -0.0401158136
        0.0036318212  -0.0041471404  -0.1352955314  -0.1006102972  -0.0679568956
       -0.0308235304   0.0101175213   0.0036539194
        0.0346034574   0.4973624899   0.0123112339   0.0778330536  -0.1016528462
       -0.0263627898  -0.0022503785  -0.0454261257  -0.0096284212   0.0024517555
       -0.2174151684   0.0836584932  -0.0949201648  -0.1425684414  -0.0662001056
       -0.0177177232   0.0097000917   0.0062215895
        0.0181959235   0.0123112339   0.4907903689   0.0330573881  -0.0284936564
       -0.0604599697   0.0310997102  -0.0100803137  -0.2534597267  -0.0048053980
        0.0843130285  -0.0864681493  -0.0645565764  -0.0666908084  -0.0911695303
       -0.0129910473   0.0086405161   0.0007670071
       -0.2017314653   0.0778330536   0.0330573881   0.4904530067   0.0617382286
        0.0758483474  -0.0245608775   0.0112585539   0.0159716920  -0.0192719121
        0.0196826568  -0.0017927832  -0.0335527251   0.0066202177   0.0009330343
       -0.2113360267  -0.1771327106  -0.1240176786
        0.0532994347  -0.1016528462  -0.0284936564   0.0617382286   0.3031156439
        0.1612894052   0.0121690838  -0.0017978796  -0.0071205703   0.0376051936
       -0.0185551936  -0.0043884126  -0.0164964153   0.0090382843   0.0032637382
       -0.1483155253  -0.1901480090  -0.1245505041
        0.0183835064  -0.0263627898  -0.0604599697   0.0758483474   0.1612894052
        0.1455167682   0.0346513328  -0.0157879232  -0.0055015531  -0.0092297498
        0.0026346281   0.0059925434  -0.0128771361   0.0052777722   0.0032119995
       -0.1067763007  -0.1270510925  -0.0887597883
       -0.0451058152  -0.0022503785   0.0310997102  -0.0245608775   0.0121690838
        0.0346513328   0.0644626742  -0.0066886501  -0.0485301570   0.0017867054
       -0.0014879326   0.0012494853   0.0030195167  -0.0017511459  -0.0199430487
        0.0003977964   0.0000090232   0.0014726774
       -0.0010419374  -0.0454261257  -0.0100803137   0.0112585539  -0.0017978796
       -0.0157879232  -0.0066886501   0.0501254819   0.0163007292  -0.0038326329
       -0.0016278699   0.0307904154   0.0007469752  -0.0018542741  -0.0224235302
       -0.0004423087   0.0005806674   0.0012006225
        0.0318706868  -0.0096284212  -0.2534597267   0.0159716920  -0.0071205703
       -0.0055015531  -0.0485301570   0.0163007292   0.2955508486   0.0011024675
        0.0027946105  -0.0199397115  -0.0000337549  -0.0022704502  -0.0183299041
       -0.0003809344  -0.0000758980   0.0016800469
       -0.0401158136   0.0024517555  -0.0048053980  -0.0192719121   0.0376051936
       -0.0092297498   0.0017867054  -0.0038326329   0.0011024675   0.0565945407
       -0.0185861409   0.0054745647   0.0004471192  -0.0189484504   0.0081892800
        0.0005593604   0.0013102751  -0.0007311644
        0.0036318212  -0.2174151684   0.0843130285   0.0196826568  -0.0185551936
        0.0026346281  -0.0014879326  -0.0016278699   0.0027946105  -0.0185861409
        0.2591557601  -0.0982917241  -0.0029061186  -0.0234021695   0.0093361086
       -0.0003342861   0.0018446412  -0.0007866517
       -0.0041471404   0.0836584932  -0.0864681493  -0.0017927832  -0.0043884126
        0.0059925434   0.0012494853   0.0307904154  -0.0199397115   0.0054745647
       -0.0982917241   0.0943828592  -0.0006327806  -0.0124278264   0.0057951566
       -0.0001513457   0.0006590545   0.0002373015
       -0.1352955314  -0.0949201648  -0.0645565764  -0.0335527251  -0.0164964153
       -0.0128771361   0.0030195167   0.0007469752  -0.0000337549   0.0004471192
       -0.0029061186  -0.0006327806   0.1721704284   0.1114686018   0.0775313569
       -0.0067888078   0.0021071218   0.0005688912
       -0.1006102972  -0.1425684414  -0.0666908084   0.0066202177   0.0090382843
        0.0052777722  -0.0017511459  -0.0018542741  -0.0022704502  -0.0189484504
       -0.0234021695  -0.0124278264   0.1114686018   0.1579908502   0.0760280061
        0.0032210741   0.0007957504   0.0000833068
       -0.0679568956  -0.0662001056  -0.0911695303   0.0009330343   0.0032637382
        0.0032119995  -0.0199430487  -0.0224235302  -0.0183299041   0.0081892800
        0.0093361086   0.0057951566   0.0775313569   0.0760280061   0.0992638718
        0.0012462731  -0.0000042171   0.0012284065
       -0.0308235304  -0.0177177232  -0.0129910473  -0.2113360267  -0.1483155253
       -0.1067763007   0.0003977964  -0.0004423087  -0.0003809344   0.0005593604
       -0.0003342861  -0.0001513457  -0.0067888078   0.0032210741   0.0012462731
        0.2479912082   0.1635887692   0.1190533550
        0.0101175213   0.0097000917   0.0086405161  -0.1771327106  -0.1901480090
       -0.1270510925   0.0000090232   0.0005806674  -0.0000758980   0.0013102751
        0.0018446412   0.0006590545   0.0021071218   0.0007957504  -0.0000042171
        0.1635887692   0.1772268582   0.1178316370
        0.0036539194   0.0062215895   0.0007670071  -0.1240176786  -0.1245505041
       -0.0887597883   0.0014726774   0.0012006225   0.0016800469  -0.0007311644
       -0.0007866517   0.0002373015   0.0005688912   0.0000833068   0.0012284065
        0.1190533550   0.1178316370   0.0848470263
